{
 "cells": [
  {
   "cell_type": "code",
   "execution_count": 1,
   "metadata": {},
   "outputs": [
    {
     "name": "stderr",
     "output_type": "stream",
     "text": [
      "c:\\Users\\armac\\.conda\\envs\\dev\\lib\\site-packages\\tqdm\\auto.py:21: TqdmWarning: IProgress not found. Please update jupyter and ipywidgets. See https://ipywidgets.readthedocs.io/en/stable/user_install.html\n",
      "  from .autonotebook import tqdm as notebook_tqdm\n"
     ]
    }
   ],
   "source": [
    "import os\n",
    "import random\n",
    "from PIL import Image\n",
    "\n",
    "import torch\n",
    "from torch import nn\n",
    "import torch.optim as optim\n",
    "from torchvision import datasets, transforms\n",
    "from torch.utils.data import DataLoader, random_split\n",
    "\n",
    "import timm\n",
    "\n",
    "import pandas as pd\n",
    "import numpy as np\n",
    "from collections import defaultdict\n",
    "import matplotlib.pyplot as plt\n",
    "from sklearn.metrics import confusion_matrix, f1_score, accuracy_score, precision_score, classification_report, roc_auc_score, recall_score\n",
    "\n",
    "SEED = 16\n",
    "\n",
    "torch.manual_seed(SEED)\n",
    "torch.cuda.manual_seed(SEED)"
   ]
  },
  {
   "cell_type": "code",
   "execution_count": 2,
   "metadata": {},
   "outputs": [
    {
     "name": "stdout",
     "output_type": "stream",
     "text": [
      "cuda\n"
     ]
    }
   ],
   "source": [
    "# Check for CUDA device\n",
    "DEVICE = 'cuda' if torch.cuda.is_available() else 'cpu'\n",
    "print(DEVICE)"
   ]
  },
  {
   "cell_type": "code",
   "execution_count": 3,
   "metadata": {},
   "outputs": [],
   "source": [
    "dataset_path = '../DATA/Train_Val_set/Val'\n",
    "model_path = '../MODELS/VIT_DataSet01_M1/fold3_model.pth'\n",
    "\n",
    "# Parameters\n",
    "model_name = 'tiny_vit_21m_512.dist_in22k_ft_in1k'\n",
    "num_classes = 4\n",
    "batch_size = 30"
   ]
  },
  {
   "cell_type": "code",
   "execution_count": 4,
   "metadata": {},
   "outputs": [
    {
     "name": "stdout",
     "output_type": "stream",
     "text": [
      "USING MODEL ARCHITECTURE tiny_vit_21m_512 \n",
      "INPUT SHAPE = (512, 512)\n",
      "       MEAN = (0.485, 0.456, 0.406)\n",
      "        STD = (0.229, 0.224, 0.225)\n"
     ]
    }
   ],
   "source": [
    "m = timm.create_model(model_name, pretrained=True, num_classes=num_classes, drop_rate=0.3)\n",
    "model_info = m.default_cfg\n",
    "del m\n",
    "\n",
    "input_shape = model_info['input_size'][1:]\n",
    "transform_mean = model_info['mean']\n",
    "transform_std = model_info['std']\n",
    "\n",
    "print(f\"USING MODEL ARCHITECTURE {model_info['architecture']} \")\n",
    "print(f\"INPUT SHAPE = {input_shape}\")\n",
    "print(f\"       MEAN = {transform_mean}\")\n",
    "print(f\"        STD = {transform_std}\")"
   ]
  },
  {
   "cell_type": "code",
   "execution_count": 5,
   "metadata": {},
   "outputs": [
    {
     "name": "stdout",
     "output_type": "stream",
     "text": [
      "CLASS MAPPING\n",
      "{'GNB': 0, 'GNC': 1, 'GPB': 2, 'GPC': 3}\n"
     ]
    }
   ],
   "source": [
    "data_transform = transforms.Compose([\n",
    "        transforms.Resize(input_shape),\n",
    "        transforms.ToTensor(),\n",
    "        transforms.Normalize(mean=transform_mean, std=transform_std)\n",
    "    ])\n",
    "\n",
    "data_dataset = datasets.ImageFolder(root=dataset_path, transform=data_transform)\n",
    "data_loader = DataLoader(data_dataset, batch_size=batch_size, shuffle=False, num_workers=4)\n",
    "\n",
    "print(\"CLASS MAPPING\")\n",
    "print(data_dataset.class_to_idx)"
   ]
  },
  {
   "cell_type": "code",
   "execution_count": 6,
   "metadata": {},
   "outputs": [
    {
     "name": "stderr",
     "output_type": "stream",
     "text": [
      "C:\\Users\\armac\\AppData\\Local\\Temp\\ipykernel_14284\\146030472.py:2: FutureWarning: You are using `torch.load` with `weights_only=False` (the current default value), which uses the default pickle module implicitly. It is possible to construct malicious pickle data which will execute arbitrary code during unpickling (See https://github.com/pytorch/pytorch/blob/main/SECURITY.md#untrusted-models for more details). In a future release, the default value for `weights_only` will be flipped to `True`. This limits the functions that could be executed during unpickling. Arbitrary objects will no longer be allowed to be loaded via this mode unless they are explicitly allowlisted by the user via `torch.serialization.add_safe_globals`. We recommend you start setting `weights_only=True` for any use case where you don't have full control of the loaded file. Please open an issue on GitHub for any issues related to this experimental feature.\n",
      "  model.load_state_dict(torch.load(model_path, map_location=torch.device(DEVICE)))\n"
     ]
    },
    {
     "data": {
      "text/plain": [
       "TinyVit(\n",
       "  (patch_embed): PatchEmbed(\n",
       "    (conv1): ConvNorm(\n",
       "      (conv): Conv2d(3, 48, kernel_size=(3, 3), stride=(2, 2), padding=(1, 1), bias=False)\n",
       "      (bn): BatchNorm2d(48, eps=1e-05, momentum=0.1, affine=True, track_running_stats=True)\n",
       "    )\n",
       "    (act): GELU(approximate='none')\n",
       "    (conv2): ConvNorm(\n",
       "      (conv): Conv2d(48, 96, kernel_size=(3, 3), stride=(2, 2), padding=(1, 1), bias=False)\n",
       "      (bn): BatchNorm2d(96, eps=1e-05, momentum=0.1, affine=True, track_running_stats=True)\n",
       "    )\n",
       "  )\n",
       "  (stages): Sequential(\n",
       "    (0): ConvLayer(\n",
       "      (blocks): Sequential(\n",
       "        (0): MBConv(\n",
       "          (conv1): ConvNorm(\n",
       "            (conv): Conv2d(96, 384, kernel_size=(1, 1), stride=(1, 1), bias=False)\n",
       "            (bn): BatchNorm2d(384, eps=1e-05, momentum=0.1, affine=True, track_running_stats=True)\n",
       "          )\n",
       "          (act1): GELU(approximate='none')\n",
       "          (conv2): ConvNorm(\n",
       "            (conv): Conv2d(384, 384, kernel_size=(3, 3), stride=(1, 1), padding=(1, 1), groups=384, bias=False)\n",
       "            (bn): BatchNorm2d(384, eps=1e-05, momentum=0.1, affine=True, track_running_stats=True)\n",
       "          )\n",
       "          (act2): GELU(approximate='none')\n",
       "          (conv3): ConvNorm(\n",
       "            (conv): Conv2d(384, 96, kernel_size=(1, 1), stride=(1, 1), bias=False)\n",
       "            (bn): BatchNorm2d(96, eps=1e-05, momentum=0.1, affine=True, track_running_stats=True)\n",
       "          )\n",
       "          (act3): GELU(approximate='none')\n",
       "          (drop_path): Identity()\n",
       "        )\n",
       "        (1): MBConv(\n",
       "          (conv1): ConvNorm(\n",
       "            (conv): Conv2d(96, 384, kernel_size=(1, 1), stride=(1, 1), bias=False)\n",
       "            (bn): BatchNorm2d(384, eps=1e-05, momentum=0.1, affine=True, track_running_stats=True)\n",
       "          )\n",
       "          (act1): GELU(approximate='none')\n",
       "          (conv2): ConvNorm(\n",
       "            (conv): Conv2d(384, 384, kernel_size=(3, 3), stride=(1, 1), padding=(1, 1), groups=384, bias=False)\n",
       "            (bn): BatchNorm2d(384, eps=1e-05, momentum=0.1, affine=True, track_running_stats=True)\n",
       "          )\n",
       "          (act2): GELU(approximate='none')\n",
       "          (conv3): ConvNorm(\n",
       "            (conv): Conv2d(384, 96, kernel_size=(1, 1), stride=(1, 1), bias=False)\n",
       "            (bn): BatchNorm2d(96, eps=1e-05, momentum=0.1, affine=True, track_running_stats=True)\n",
       "          )\n",
       "          (act3): GELU(approximate='none')\n",
       "          (drop_path): DropPath(drop_prob=0.009)\n",
       "        )\n",
       "      )\n",
       "    )\n",
       "    (1): TinyVitStage(\n",
       "      dim=192, depth=2\n",
       "      (downsample): PatchMerging(\n",
       "        (conv1): ConvNorm(\n",
       "          (conv): Conv2d(96, 192, kernel_size=(1, 1), stride=(1, 1), bias=False)\n",
       "          (bn): BatchNorm2d(192, eps=1e-05, momentum=0.1, affine=True, track_running_stats=True)\n",
       "        )\n",
       "        (act1): GELU(approximate='none')\n",
       "        (conv2): ConvNorm(\n",
       "          (conv): Conv2d(192, 192, kernel_size=(3, 3), stride=(2, 2), padding=(1, 1), groups=192, bias=False)\n",
       "          (bn): BatchNorm2d(192, eps=1e-05, momentum=0.1, affine=True, track_running_stats=True)\n",
       "        )\n",
       "        (act2): GELU(approximate='none')\n",
       "        (conv3): ConvNorm(\n",
       "          (conv): Conv2d(192, 192, kernel_size=(1, 1), stride=(1, 1), bias=False)\n",
       "          (bn): BatchNorm2d(192, eps=1e-05, momentum=0.1, affine=True, track_running_stats=True)\n",
       "        )\n",
       "      )\n",
       "      (blocks): Sequential(\n",
       "        (0): TinyVitBlock(\n",
       "          dim=192, num_heads=6, window_size=16, mlp_ratio=4.0\n",
       "          (attn): Attention(\n",
       "            (norm): LayerNorm((192,), eps=1e-05, elementwise_affine=True)\n",
       "            (qkv): Linear(in_features=192, out_features=576, bias=True)\n",
       "            (proj): Linear(in_features=192, out_features=192, bias=True)\n",
       "          )\n",
       "          (drop_path1): DropPath(drop_prob=0.018)\n",
       "          (mlp): NormMlp(\n",
       "            (norm): LayerNorm((192,), eps=1e-05, elementwise_affine=True)\n",
       "            (fc1): Linear(in_features=192, out_features=768, bias=True)\n",
       "            (act): GELU(approximate='none')\n",
       "            (drop1): Dropout(p=0.3, inplace=False)\n",
       "            (fc2): Linear(in_features=768, out_features=192, bias=True)\n",
       "            (drop2): Dropout(p=0.3, inplace=False)\n",
       "          )\n",
       "          (drop_path2): DropPath(drop_prob=0.018)\n",
       "          (local_conv): ConvNorm(\n",
       "            (conv): Conv2d(192, 192, kernel_size=(3, 3), stride=(1, 1), padding=(1, 1), groups=192, bias=False)\n",
       "            (bn): BatchNorm2d(192, eps=1e-05, momentum=0.1, affine=True, track_running_stats=True)\n",
       "          )\n",
       "        )\n",
       "        (1): TinyVitBlock(\n",
       "          dim=192, num_heads=6, window_size=16, mlp_ratio=4.0\n",
       "          (attn): Attention(\n",
       "            (norm): LayerNorm((192,), eps=1e-05, elementwise_affine=True)\n",
       "            (qkv): Linear(in_features=192, out_features=576, bias=True)\n",
       "            (proj): Linear(in_features=192, out_features=192, bias=True)\n",
       "          )\n",
       "          (drop_path1): DropPath(drop_prob=0.027)\n",
       "          (mlp): NormMlp(\n",
       "            (norm): LayerNorm((192,), eps=1e-05, elementwise_affine=True)\n",
       "            (fc1): Linear(in_features=192, out_features=768, bias=True)\n",
       "            (act): GELU(approximate='none')\n",
       "            (drop1): Dropout(p=0.3, inplace=False)\n",
       "            (fc2): Linear(in_features=768, out_features=192, bias=True)\n",
       "            (drop2): Dropout(p=0.3, inplace=False)\n",
       "          )\n",
       "          (drop_path2): DropPath(drop_prob=0.027)\n",
       "          (local_conv): ConvNorm(\n",
       "            (conv): Conv2d(192, 192, kernel_size=(3, 3), stride=(1, 1), padding=(1, 1), groups=192, bias=False)\n",
       "            (bn): BatchNorm2d(192, eps=1e-05, momentum=0.1, affine=True, track_running_stats=True)\n",
       "          )\n",
       "        )\n",
       "      )\n",
       "    )\n",
       "    (2): TinyVitStage(\n",
       "      dim=384, depth=6\n",
       "      (downsample): PatchMerging(\n",
       "        (conv1): ConvNorm(\n",
       "          (conv): Conv2d(192, 384, kernel_size=(1, 1), stride=(1, 1), bias=False)\n",
       "          (bn): BatchNorm2d(384, eps=1e-05, momentum=0.1, affine=True, track_running_stats=True)\n",
       "        )\n",
       "        (act1): GELU(approximate='none')\n",
       "        (conv2): ConvNorm(\n",
       "          (conv): Conv2d(384, 384, kernel_size=(3, 3), stride=(2, 2), padding=(1, 1), groups=384, bias=False)\n",
       "          (bn): BatchNorm2d(384, eps=1e-05, momentum=0.1, affine=True, track_running_stats=True)\n",
       "        )\n",
       "        (act2): GELU(approximate='none')\n",
       "        (conv3): ConvNorm(\n",
       "          (conv): Conv2d(384, 384, kernel_size=(1, 1), stride=(1, 1), bias=False)\n",
       "          (bn): BatchNorm2d(384, eps=1e-05, momentum=0.1, affine=True, track_running_stats=True)\n",
       "        )\n",
       "      )\n",
       "      (blocks): Sequential(\n",
       "        (0): TinyVitBlock(\n",
       "          dim=384, num_heads=12, window_size=32, mlp_ratio=4.0\n",
       "          (attn): Attention(\n",
       "            (norm): LayerNorm((384,), eps=1e-05, elementwise_affine=True)\n",
       "            (qkv): Linear(in_features=384, out_features=1152, bias=True)\n",
       "            (proj): Linear(in_features=384, out_features=384, bias=True)\n",
       "          )\n",
       "          (drop_path1): DropPath(drop_prob=0.036)\n",
       "          (mlp): NormMlp(\n",
       "            (norm): LayerNorm((384,), eps=1e-05, elementwise_affine=True)\n",
       "            (fc1): Linear(in_features=384, out_features=1536, bias=True)\n",
       "            (act): GELU(approximate='none')\n",
       "            (drop1): Dropout(p=0.3, inplace=False)\n",
       "            (fc2): Linear(in_features=1536, out_features=384, bias=True)\n",
       "            (drop2): Dropout(p=0.3, inplace=False)\n",
       "          )\n",
       "          (drop_path2): DropPath(drop_prob=0.036)\n",
       "          (local_conv): ConvNorm(\n",
       "            (conv): Conv2d(384, 384, kernel_size=(3, 3), stride=(1, 1), padding=(1, 1), groups=384, bias=False)\n",
       "            (bn): BatchNorm2d(384, eps=1e-05, momentum=0.1, affine=True, track_running_stats=True)\n",
       "          )\n",
       "        )\n",
       "        (1): TinyVitBlock(\n",
       "          dim=384, num_heads=12, window_size=32, mlp_ratio=4.0\n",
       "          (attn): Attention(\n",
       "            (norm): LayerNorm((384,), eps=1e-05, elementwise_affine=True)\n",
       "            (qkv): Linear(in_features=384, out_features=1152, bias=True)\n",
       "            (proj): Linear(in_features=384, out_features=384, bias=True)\n",
       "          )\n",
       "          (drop_path1): DropPath(drop_prob=0.045)\n",
       "          (mlp): NormMlp(\n",
       "            (norm): LayerNorm((384,), eps=1e-05, elementwise_affine=True)\n",
       "            (fc1): Linear(in_features=384, out_features=1536, bias=True)\n",
       "            (act): GELU(approximate='none')\n",
       "            (drop1): Dropout(p=0.3, inplace=False)\n",
       "            (fc2): Linear(in_features=1536, out_features=384, bias=True)\n",
       "            (drop2): Dropout(p=0.3, inplace=False)\n",
       "          )\n",
       "          (drop_path2): DropPath(drop_prob=0.045)\n",
       "          (local_conv): ConvNorm(\n",
       "            (conv): Conv2d(384, 384, kernel_size=(3, 3), stride=(1, 1), padding=(1, 1), groups=384, bias=False)\n",
       "            (bn): BatchNorm2d(384, eps=1e-05, momentum=0.1, affine=True, track_running_stats=True)\n",
       "          )\n",
       "        )\n",
       "        (2): TinyVitBlock(\n",
       "          dim=384, num_heads=12, window_size=32, mlp_ratio=4.0\n",
       "          (attn): Attention(\n",
       "            (norm): LayerNorm((384,), eps=1e-05, elementwise_affine=True)\n",
       "            (qkv): Linear(in_features=384, out_features=1152, bias=True)\n",
       "            (proj): Linear(in_features=384, out_features=384, bias=True)\n",
       "          )\n",
       "          (drop_path1): DropPath(drop_prob=0.055)\n",
       "          (mlp): NormMlp(\n",
       "            (norm): LayerNorm((384,), eps=1e-05, elementwise_affine=True)\n",
       "            (fc1): Linear(in_features=384, out_features=1536, bias=True)\n",
       "            (act): GELU(approximate='none')\n",
       "            (drop1): Dropout(p=0.3, inplace=False)\n",
       "            (fc2): Linear(in_features=1536, out_features=384, bias=True)\n",
       "            (drop2): Dropout(p=0.3, inplace=False)\n",
       "          )\n",
       "          (drop_path2): DropPath(drop_prob=0.055)\n",
       "          (local_conv): ConvNorm(\n",
       "            (conv): Conv2d(384, 384, kernel_size=(3, 3), stride=(1, 1), padding=(1, 1), groups=384, bias=False)\n",
       "            (bn): BatchNorm2d(384, eps=1e-05, momentum=0.1, affine=True, track_running_stats=True)\n",
       "          )\n",
       "        )\n",
       "        (3): TinyVitBlock(\n",
       "          dim=384, num_heads=12, window_size=32, mlp_ratio=4.0\n",
       "          (attn): Attention(\n",
       "            (norm): LayerNorm((384,), eps=1e-05, elementwise_affine=True)\n",
       "            (qkv): Linear(in_features=384, out_features=1152, bias=True)\n",
       "            (proj): Linear(in_features=384, out_features=384, bias=True)\n",
       "          )\n",
       "          (drop_path1): DropPath(drop_prob=0.064)\n",
       "          (mlp): NormMlp(\n",
       "            (norm): LayerNorm((384,), eps=1e-05, elementwise_affine=True)\n",
       "            (fc1): Linear(in_features=384, out_features=1536, bias=True)\n",
       "            (act): GELU(approximate='none')\n",
       "            (drop1): Dropout(p=0.3, inplace=False)\n",
       "            (fc2): Linear(in_features=1536, out_features=384, bias=True)\n",
       "            (drop2): Dropout(p=0.3, inplace=False)\n",
       "          )\n",
       "          (drop_path2): DropPath(drop_prob=0.064)\n",
       "          (local_conv): ConvNorm(\n",
       "            (conv): Conv2d(384, 384, kernel_size=(3, 3), stride=(1, 1), padding=(1, 1), groups=384, bias=False)\n",
       "            (bn): BatchNorm2d(384, eps=1e-05, momentum=0.1, affine=True, track_running_stats=True)\n",
       "          )\n",
       "        )\n",
       "        (4): TinyVitBlock(\n",
       "          dim=384, num_heads=12, window_size=32, mlp_ratio=4.0\n",
       "          (attn): Attention(\n",
       "            (norm): LayerNorm((384,), eps=1e-05, elementwise_affine=True)\n",
       "            (qkv): Linear(in_features=384, out_features=1152, bias=True)\n",
       "            (proj): Linear(in_features=384, out_features=384, bias=True)\n",
       "          )\n",
       "          (drop_path1): DropPath(drop_prob=0.073)\n",
       "          (mlp): NormMlp(\n",
       "            (norm): LayerNorm((384,), eps=1e-05, elementwise_affine=True)\n",
       "            (fc1): Linear(in_features=384, out_features=1536, bias=True)\n",
       "            (act): GELU(approximate='none')\n",
       "            (drop1): Dropout(p=0.3, inplace=False)\n",
       "            (fc2): Linear(in_features=1536, out_features=384, bias=True)\n",
       "            (drop2): Dropout(p=0.3, inplace=False)\n",
       "          )\n",
       "          (drop_path2): DropPath(drop_prob=0.073)\n",
       "          (local_conv): ConvNorm(\n",
       "            (conv): Conv2d(384, 384, kernel_size=(3, 3), stride=(1, 1), padding=(1, 1), groups=384, bias=False)\n",
       "            (bn): BatchNorm2d(384, eps=1e-05, momentum=0.1, affine=True, track_running_stats=True)\n",
       "          )\n",
       "        )\n",
       "        (5): TinyVitBlock(\n",
       "          dim=384, num_heads=12, window_size=32, mlp_ratio=4.0\n",
       "          (attn): Attention(\n",
       "            (norm): LayerNorm((384,), eps=1e-05, elementwise_affine=True)\n",
       "            (qkv): Linear(in_features=384, out_features=1152, bias=True)\n",
       "            (proj): Linear(in_features=384, out_features=384, bias=True)\n",
       "          )\n",
       "          (drop_path1): DropPath(drop_prob=0.082)\n",
       "          (mlp): NormMlp(\n",
       "            (norm): LayerNorm((384,), eps=1e-05, elementwise_affine=True)\n",
       "            (fc1): Linear(in_features=384, out_features=1536, bias=True)\n",
       "            (act): GELU(approximate='none')\n",
       "            (drop1): Dropout(p=0.3, inplace=False)\n",
       "            (fc2): Linear(in_features=1536, out_features=384, bias=True)\n",
       "            (drop2): Dropout(p=0.3, inplace=False)\n",
       "          )\n",
       "          (drop_path2): DropPath(drop_prob=0.082)\n",
       "          (local_conv): ConvNorm(\n",
       "            (conv): Conv2d(384, 384, kernel_size=(3, 3), stride=(1, 1), padding=(1, 1), groups=384, bias=False)\n",
       "            (bn): BatchNorm2d(384, eps=1e-05, momentum=0.1, affine=True, track_running_stats=True)\n",
       "          )\n",
       "        )\n",
       "      )\n",
       "    )\n",
       "    (3): TinyVitStage(\n",
       "      dim=576, depth=2\n",
       "      (downsample): PatchMerging(\n",
       "        (conv1): ConvNorm(\n",
       "          (conv): Conv2d(384, 576, kernel_size=(1, 1), stride=(1, 1), bias=False)\n",
       "          (bn): BatchNorm2d(576, eps=1e-05, momentum=0.1, affine=True, track_running_stats=True)\n",
       "        )\n",
       "        (act1): GELU(approximate='none')\n",
       "        (conv2): ConvNorm(\n",
       "          (conv): Conv2d(576, 576, kernel_size=(3, 3), stride=(2, 2), padding=(1, 1), groups=576, bias=False)\n",
       "          (bn): BatchNorm2d(576, eps=1e-05, momentum=0.1, affine=True, track_running_stats=True)\n",
       "        )\n",
       "        (act2): GELU(approximate='none')\n",
       "        (conv3): ConvNorm(\n",
       "          (conv): Conv2d(576, 576, kernel_size=(1, 1), stride=(1, 1), bias=False)\n",
       "          (bn): BatchNorm2d(576, eps=1e-05, momentum=0.1, affine=True, track_running_stats=True)\n",
       "        )\n",
       "      )\n",
       "      (blocks): Sequential(\n",
       "        (0): TinyVitBlock(\n",
       "          dim=576, num_heads=18, window_size=16, mlp_ratio=4.0\n",
       "          (attn): Attention(\n",
       "            (norm): LayerNorm((576,), eps=1e-05, elementwise_affine=True)\n",
       "            (qkv): Linear(in_features=576, out_features=1728, bias=True)\n",
       "            (proj): Linear(in_features=576, out_features=576, bias=True)\n",
       "          )\n",
       "          (drop_path1): DropPath(drop_prob=0.091)\n",
       "          (mlp): NormMlp(\n",
       "            (norm): LayerNorm((576,), eps=1e-05, elementwise_affine=True)\n",
       "            (fc1): Linear(in_features=576, out_features=2304, bias=True)\n",
       "            (act): GELU(approximate='none')\n",
       "            (drop1): Dropout(p=0.3, inplace=False)\n",
       "            (fc2): Linear(in_features=2304, out_features=576, bias=True)\n",
       "            (drop2): Dropout(p=0.3, inplace=False)\n",
       "          )\n",
       "          (drop_path2): DropPath(drop_prob=0.091)\n",
       "          (local_conv): ConvNorm(\n",
       "            (conv): Conv2d(576, 576, kernel_size=(3, 3), stride=(1, 1), padding=(1, 1), groups=576, bias=False)\n",
       "            (bn): BatchNorm2d(576, eps=1e-05, momentum=0.1, affine=True, track_running_stats=True)\n",
       "          )\n",
       "        )\n",
       "        (1): TinyVitBlock(\n",
       "          dim=576, num_heads=18, window_size=16, mlp_ratio=4.0\n",
       "          (attn): Attention(\n",
       "            (norm): LayerNorm((576,), eps=1e-05, elementwise_affine=True)\n",
       "            (qkv): Linear(in_features=576, out_features=1728, bias=True)\n",
       "            (proj): Linear(in_features=576, out_features=576, bias=True)\n",
       "          )\n",
       "          (drop_path1): DropPath(drop_prob=0.100)\n",
       "          (mlp): NormMlp(\n",
       "            (norm): LayerNorm((576,), eps=1e-05, elementwise_affine=True)\n",
       "            (fc1): Linear(in_features=576, out_features=2304, bias=True)\n",
       "            (act): GELU(approximate='none')\n",
       "            (drop1): Dropout(p=0.3, inplace=False)\n",
       "            (fc2): Linear(in_features=2304, out_features=576, bias=True)\n",
       "            (drop2): Dropout(p=0.3, inplace=False)\n",
       "          )\n",
       "          (drop_path2): DropPath(drop_prob=0.100)\n",
       "          (local_conv): ConvNorm(\n",
       "            (conv): Conv2d(576, 576, kernel_size=(3, 3), stride=(1, 1), padding=(1, 1), groups=576, bias=False)\n",
       "            (bn): BatchNorm2d(576, eps=1e-05, momentum=0.1, affine=True, track_running_stats=True)\n",
       "          )\n",
       "        )\n",
       "      )\n",
       "    )\n",
       "  )\n",
       "  (head): NormMlpClassifierHead(\n",
       "    (global_pool): SelectAdaptivePool2d(pool_type=avg, flatten=Identity())\n",
       "    (norm): LayerNorm2d((576,), eps=1e-05, elementwise_affine=True)\n",
       "    (flatten): Flatten(start_dim=1, end_dim=-1)\n",
       "    (pre_logits): Identity()\n",
       "    (drop): Dropout(p=0.0, inplace=False)\n",
       "    (fc): Linear(in_features=576, out_features=4, bias=True)\n",
       "  )\n",
       ")"
      ]
     },
     "execution_count": 6,
     "metadata": {},
     "output_type": "execute_result"
    }
   ],
   "source": [
    "model = timm.create_model(model_name, pretrained=True, num_classes=num_classes, drop_rate=0.3)\n",
    "model.load_state_dict(torch.load(model_path, map_location=torch.device(DEVICE)))\n",
    "model = model.to(DEVICE)\n",
    "model.eval()"
   ]
  },
  {
   "cell_type": "code",
   "execution_count": 7,
   "metadata": {},
   "outputs": [
    {
     "name": "stderr",
     "output_type": "stream",
     "text": [
      "c:\\Users\\armac\\.conda\\envs\\dev\\lib\\site-packages\\timm\\models\\tiny_vit.py:234: UserWarning: 1Torch was not compiled with flash attention. (Triggered internally at C:\\cb\\pytorch_1000000000000\\work\\aten\\src\\ATen\\native\\transformers\\cuda\\sdp_utils.cpp:555.)\n",
      "  x = F.scaled_dot_product_attention(q, k, v, attn_mask=attn_bias)\n"
     ]
    },
    {
     "name": "stdout",
     "output_type": "stream",
     "text": [
      "              precision    recall  f1-score   support\n",
      "\n",
      "         GNB       0.80      0.78      0.79        50\n",
      "         GNC       0.95      0.38      0.54        50\n",
      "         GPB       0.84      0.86      0.85        50\n",
      "         GPC       0.61      0.98      0.75        50\n",
      "\n",
      "    accuracy                           0.75       200\n",
      "   macro avg       0.80      0.75      0.73       200\n",
      "weighted avg       0.80      0.75      0.73       200\n",
      "\n"
     ]
    }
   ],
   "source": [
    "all_labels = []\n",
    "all_preds = []\n",
    "logits = []\n",
    "\n",
    "with torch.no_grad():\n",
    "    for i, (inputs, labels) in enumerate(data_loader):\n",
    "        inputs, labels = inputs.to(DEVICE), labels.to(DEVICE)\n",
    "        outputs = model(inputs)\n",
    "        \n",
    "        for x in outputs: logits.append(x)\n",
    "\n",
    "        _, predicted = torch.max(outputs, 1)\n",
    "        all_labels.extend(labels.cpu().numpy())\n",
    "        all_preds.extend(predicted.cpu().numpy())\n",
    "\n",
    "all_labels = np.array(all_labels)\n",
    "all_preds = np.array(all_preds)\n",
    "\n",
    "print(classification_report(all_labels, all_preds, target_names=[i for i in data_dataset.class_to_idx]))"
   ]
  },
  {
   "cell_type": "code",
   "execution_count": 8,
   "metadata": {},
   "outputs": [
    {
     "data": {
      "text/plain": [
       "{'GNB': 0, 'GNC': 1, 'GPB': 2, 'GPC': 3}"
      ]
     },
     "execution_count": 8,
     "metadata": {},
     "output_type": "execute_result"
    }
   ],
   "source": [
    "data_dataset.class_to_idx"
   ]
  },
  {
   "cell_type": "code",
   "execution_count": null,
   "metadata": {},
   "outputs": [
    {
     "data": {
      "text/plain": [
       "tensor([[0.7473, 0.1190, 0.0941, 0.0396],\n",
       "        [0.6064, 0.0090, 0.2838, 0.1009],\n",
       "        [0.8222, 0.0335, 0.0611, 0.0832],\n",
       "        [0.4364, 0.0147, 0.5044, 0.0445],\n",
       "        [0.9148, 0.0197, 0.0202, 0.0453],\n",
       "        [0.8382, 0.0509, 0.0950, 0.0159],\n",
       "        [0.6633, 0.1509, 0.1034, 0.0824],\n",
       "        [0.5562, 0.1232, 0.2418, 0.0788],\n",
       "        [0.7127, 0.0135, 0.2426, 0.0311],\n",
       "        [0.7020, 0.0209, 0.0753, 0.2018],\n",
       "        [0.6452, 0.1812, 0.0690, 0.1046],\n",
       "        [0.5278, 0.0101, 0.3119, 0.1503],\n",
       "        [0.3892, 0.0059, 0.3126, 0.2923],\n",
       "        [0.0448, 0.0135, 0.8953, 0.0465],\n",
       "        [0.7107, 0.0275, 0.1721, 0.0897],\n",
       "        [0.2538, 0.4197, 0.0655, 0.2610],\n",
       "        [0.2458, 0.0291, 0.5494, 0.1757],\n",
       "        [0.6288, 0.0088, 0.2062, 0.1562],\n",
       "        [0.8478, 0.1021, 0.0139, 0.0362],\n",
       "        [0.4775, 0.0220, 0.3278, 0.1727],\n",
       "        [0.1349, 0.0109, 0.4119, 0.4423],\n",
       "        [0.6149, 0.0106, 0.3388, 0.0357],\n",
       "        [0.1228, 0.0595, 0.3562, 0.4614],\n",
       "        [0.7719, 0.0497, 0.0758, 0.1025],\n",
       "        [0.3668, 0.0096, 0.5826, 0.0410],\n",
       "        [0.7306, 0.1269, 0.0754, 0.0670],\n",
       "        [0.8286, 0.0198, 0.1087, 0.0429],\n",
       "        [0.4309, 0.3009, 0.1109, 0.1573],\n",
       "        [0.4175, 0.0848, 0.3047, 0.1931],\n",
       "        [0.5694, 0.0112, 0.3599, 0.0594],\n",
       "        [0.5092, 0.0212, 0.2372, 0.2323],\n",
       "        [0.9000, 0.0148, 0.0616, 0.0236],\n",
       "        [0.1750, 0.0610, 0.6089, 0.1550],\n",
       "        [0.9495, 0.0169, 0.0177, 0.0160],\n",
       "        [0.7377, 0.0087, 0.2078, 0.0457],\n",
       "        [0.0253, 0.0049, 0.3309, 0.6389],\n",
       "        [0.7586, 0.0759, 0.0745, 0.0910],\n",
       "        [0.9089, 0.0116, 0.0403, 0.0393],\n",
       "        [0.4586, 0.0211, 0.3895, 0.1307],\n",
       "        [0.2060, 0.0334, 0.1232, 0.6374],\n",
       "        [0.6338, 0.0875, 0.1220, 0.1567],\n",
       "        [0.7897, 0.0618, 0.0393, 0.1092],\n",
       "        [0.7242, 0.0493, 0.0956, 0.1310],\n",
       "        [0.4420, 0.1226, 0.1661, 0.2693],\n",
       "        [0.5055, 0.0317, 0.2609, 0.2020],\n",
       "        [0.9386, 0.0136, 0.0308, 0.0169],\n",
       "        [0.9086, 0.0330, 0.0327, 0.0257],\n",
       "        [0.5515, 0.0060, 0.3867, 0.0558],\n",
       "        [0.2015, 0.0165, 0.5744, 0.2076],\n",
       "        [0.4924, 0.0849, 0.1668, 0.2559],\n",
       "        [0.0393, 0.9297, 0.0150, 0.0159],\n",
       "        [0.1249, 0.0303, 0.1576, 0.6872],\n",
       "        [0.5032, 0.2465, 0.0358, 0.2146],\n",
       "        [0.0697, 0.7887, 0.0622, 0.0794],\n",
       "        [0.3557, 0.1608, 0.1700, 0.3135],\n",
       "        [0.0788, 0.7580, 0.0525, 0.1107],\n",
       "        [0.0935, 0.6984, 0.0363, 0.1718],\n",
       "        [0.3615, 0.0147, 0.4454, 0.1783],\n",
       "        [0.0825, 0.8662, 0.0126, 0.0387],\n",
       "        [0.5749, 0.3624, 0.0240, 0.0388],\n",
       "        [0.0990, 0.0313, 0.0658, 0.8039],\n",
       "        [0.0651, 0.0078, 0.1046, 0.8225],\n",
       "        [0.3318, 0.3907, 0.0864, 0.1912],\n",
       "        [0.0219, 0.9489, 0.0103, 0.0189],\n",
       "        [0.2939, 0.0995, 0.1957, 0.4109],\n",
       "        [0.0398, 0.0119, 0.2006, 0.7477],\n",
       "        [0.4080, 0.0892, 0.0721, 0.4307],\n",
       "        [0.8471, 0.0207, 0.1023, 0.0298],\n",
       "        [0.0741, 0.7713, 0.0365, 0.1182],\n",
       "        [0.1150, 0.0763, 0.1157, 0.6930],\n",
       "        [0.0856, 0.0447, 0.0989, 0.7708],\n",
       "        [0.0233, 0.0129, 0.0256, 0.9382],\n",
       "        [0.3109, 0.0731, 0.1605, 0.4554],\n",
       "        [0.0480, 0.9192, 0.0158, 0.0170],\n",
       "        [0.0186, 0.9612, 0.0067, 0.0134],\n",
       "        [0.0503, 0.0174, 0.1296, 0.8027],\n",
       "        [0.3174, 0.6108, 0.0189, 0.0528],\n",
       "        [0.0297, 0.9559, 0.0070, 0.0074],\n",
       "        [0.2014, 0.6664, 0.0382, 0.0940],\n",
       "        [0.2136, 0.1338, 0.0614, 0.5912],\n",
       "        [0.6921, 0.0814, 0.0489, 0.1775],\n",
       "        [0.0241, 0.9380, 0.0179, 0.0200],\n",
       "        [0.0176, 0.0037, 0.0148, 0.9639],\n",
       "        [0.3801, 0.0100, 0.0946, 0.5152],\n",
       "        [0.2382, 0.5308, 0.0242, 0.2069],\n",
       "        [0.0166, 0.9599, 0.0088, 0.0147],\n",
       "        [0.0204, 0.9245, 0.0145, 0.0406],\n",
       "        [0.5210, 0.0696, 0.2104, 0.1990],\n",
       "        [0.0911, 0.0966, 0.0489, 0.7634],\n",
       "        [0.3200, 0.0128, 0.0704, 0.5968],\n",
       "        [0.7717, 0.0420, 0.1134, 0.0729],\n",
       "        [0.4072, 0.0688, 0.0815, 0.4425],\n",
       "        [0.2128, 0.6985, 0.0339, 0.0547],\n",
       "        [0.0170, 0.9604, 0.0092, 0.0133],\n",
       "        [0.1986, 0.0304, 0.2878, 0.4832],\n",
       "        [0.5432, 0.0192, 0.0851, 0.3525],\n",
       "        [0.0158, 0.0034, 0.1131, 0.8678],\n",
       "        [0.1498, 0.0733, 0.0304, 0.7465],\n",
       "        [0.2578, 0.0935, 0.1235, 0.5252],\n",
       "        [0.2465, 0.1377, 0.0880, 0.5278],\n",
       "        [0.0192, 0.0050, 0.4943, 0.4814],\n",
       "        [0.6007, 0.0286, 0.3393, 0.0314],\n",
       "        [0.0136, 0.0021, 0.6460, 0.3383],\n",
       "        [0.0458, 0.0043, 0.9080, 0.0419],\n",
       "        [0.0522, 0.0045, 0.7962, 0.1471],\n",
       "        [0.0137, 0.0090, 0.6104, 0.3669],\n",
       "        [0.0553, 0.0081, 0.8867, 0.0500],\n",
       "        [0.0320, 0.0050, 0.9020, 0.0611],\n",
       "        [0.0277, 0.0080, 0.6004, 0.3639],\n",
       "        [0.1053, 0.0239, 0.7989, 0.0719],\n",
       "        [0.0119, 0.0076, 0.9340, 0.0465],\n",
       "        [0.1626, 0.0063, 0.4361, 0.3949],\n",
       "        [0.0903, 0.0145, 0.6211, 0.2740],\n",
       "        [0.0611, 0.0082, 0.8950, 0.0357],\n",
       "        [0.0461, 0.0045, 0.8995, 0.0500],\n",
       "        [0.1528, 0.0149, 0.6809, 0.1513],\n",
       "        [0.2227, 0.0064, 0.5689, 0.2021],\n",
       "        [0.2009, 0.0455, 0.5181, 0.2354],\n",
       "        [0.0322, 0.0026, 0.8606, 0.1045],\n",
       "        [0.0232, 0.0030, 0.9037, 0.0702],\n",
       "        [0.0111, 0.0079, 0.9358, 0.0452],\n",
       "        [0.0173, 0.0027, 0.3379, 0.6421],\n",
       "        [0.1071, 0.0130, 0.7991, 0.0807],\n",
       "        [0.0726, 0.0067, 0.5321, 0.3886],\n",
       "        [0.0618, 0.0106, 0.5597, 0.3680],\n",
       "        [0.0417, 0.0057, 0.2464, 0.7062],\n",
       "        [0.0119, 0.0021, 0.8770, 0.1089],\n",
       "        [0.1869, 0.0179, 0.5762, 0.2190],\n",
       "        [0.0232, 0.0042, 0.7670, 0.2056],\n",
       "        [0.0919, 0.0030, 0.3455, 0.5596],\n",
       "        [0.3481, 0.0375, 0.5426, 0.0718],\n",
       "        [0.0223, 0.0039, 0.9457, 0.0281],\n",
       "        [0.2406, 0.0108, 0.5219, 0.2268],\n",
       "        [0.0150, 0.0185, 0.3017, 0.6648],\n",
       "        [0.0573, 0.3108, 0.5418, 0.0900],\n",
       "        [0.0500, 0.0028, 0.9120, 0.0352],\n",
       "        [0.0417, 0.0074, 0.9222, 0.0288],\n",
       "        [0.0322, 0.0040, 0.6530, 0.3108],\n",
       "        [0.2296, 0.0131, 0.6471, 0.1102],\n",
       "        [0.0810, 0.0037, 0.8612, 0.0541],\n",
       "        [0.0976, 0.0042, 0.8467, 0.0515],\n",
       "        [0.1080, 0.0152, 0.5674, 0.3094],\n",
       "        [0.0250, 0.0048, 0.8591, 0.1110],\n",
       "        [0.0448, 0.0164, 0.8362, 0.1026],\n",
       "        [0.0531, 0.0080, 0.8638, 0.0751],\n",
       "        [0.1056, 0.0754, 0.6249, 0.1940],\n",
       "        [0.0915, 0.0393, 0.2182, 0.6511],\n",
       "        [0.1122, 0.0264, 0.7673, 0.0941],\n",
       "        [0.4317, 0.0242, 0.3794, 0.1647],\n",
       "        [0.0890, 0.0082, 0.7757, 0.1270],\n",
       "        [0.0084, 0.0029, 0.0613, 0.9274],\n",
       "        [0.0760, 0.0044, 0.1159, 0.8036],\n",
       "        [0.0320, 0.0032, 0.0686, 0.8962],\n",
       "        [0.2644, 0.1447, 0.0375, 0.5535],\n",
       "        [0.0311, 0.0072, 0.0290, 0.9327],\n",
       "        [0.0093, 0.0047, 0.1148, 0.8712],\n",
       "        [0.0092, 0.0156, 0.0947, 0.8805],\n",
       "        [0.0201, 0.0029, 0.0708, 0.9061],\n",
       "        [0.0366, 0.0040, 0.1406, 0.8187],\n",
       "        [0.0089, 0.0029, 0.1519, 0.8363],\n",
       "        [0.0143, 0.0614, 0.0969, 0.8273],\n",
       "        [0.0218, 0.0133, 0.0728, 0.8921],\n",
       "        [0.0084, 0.0054, 0.0194, 0.9668],\n",
       "        [0.1007, 0.0087, 0.0861, 0.8046],\n",
       "        [0.0190, 0.0088, 0.0937, 0.8785],\n",
       "        [0.0445, 0.0390, 0.0713, 0.8451],\n",
       "        [0.0875, 0.0104, 0.1221, 0.7800],\n",
       "        [0.3335, 0.0275, 0.1929, 0.4461],\n",
       "        [0.0216, 0.0080, 0.0905, 0.8800],\n",
       "        [0.0298, 0.0069, 0.3296, 0.6337],\n",
       "        [0.0357, 0.0092, 0.3748, 0.5803],\n",
       "        [0.0868, 0.0089, 0.0990, 0.8054],\n",
       "        [0.0635, 0.0083, 0.0300, 0.8983],\n",
       "        [0.0457, 0.0044, 0.0229, 0.9270],\n",
       "        [0.1298, 0.0277, 0.1265, 0.7161],\n",
       "        [0.1737, 0.0319, 0.4422, 0.3522],\n",
       "        [0.0091, 0.0025, 0.0995, 0.8890],\n",
       "        [0.0276, 0.0045, 0.0887, 0.8792],\n",
       "        [0.0192, 0.0024, 0.1154, 0.8631],\n",
       "        [0.0069, 0.0020, 0.0223, 0.9688],\n",
       "        [0.0470, 0.0019, 0.1484, 0.8028],\n",
       "        [0.0142, 0.0152, 0.1080, 0.8627],\n",
       "        [0.0252, 0.0404, 0.0559, 0.8785],\n",
       "        [0.0168, 0.0106, 0.1479, 0.8246],\n",
       "        [0.0765, 0.0080, 0.0718, 0.8437],\n",
       "        [0.0143, 0.0110, 0.0759, 0.8988],\n",
       "        [0.0157, 0.0085, 0.0339, 0.9419],\n",
       "        [0.0355, 0.0078, 0.2176, 0.7391],\n",
       "        [0.0887, 0.0053, 0.2531, 0.6529],\n",
       "        [0.1803, 0.0199, 0.2017, 0.5981],\n",
       "        [0.0334, 0.0022, 0.2000, 0.7643],\n",
       "        [0.0376, 0.0191, 0.0525, 0.8908],\n",
       "        [0.0174, 0.0031, 0.0200, 0.9596],\n",
       "        [0.0565, 0.0067, 0.0851, 0.8516],\n",
       "        [0.0124, 0.0168, 0.0592, 0.9116],\n",
       "        [0.0163, 0.0018, 0.0726, 0.9093],\n",
       "        [0.0669, 0.0027, 0.1527, 0.7777],\n",
       "        [0.0448, 0.0129, 0.0744, 0.8679],\n",
       "        [0.0237, 0.0062, 0.0595, 0.9106],\n",
       "        [0.0121, 0.0065, 0.2103, 0.7711]], device='cuda:0')"
      ]
     },
     "execution_count": 9,
     "metadata": {},
     "output_type": "execute_result"
    }
   ],
   "source": [
    "# convert logits to probabilities\n",
    "logits = torch.stack(logits)\n",
    "\n",
    "logits = nn.Softmax(dim=1)(logits)"
   ]
  },
  {
   "cell_type": "code",
   "execution_count": 16,
   "metadata": {},
   "outputs": [
    {
     "name": "stdout",
     "output_type": "stream",
     "text": [
      "GNB, GNC, GPB, GPC, label, pred\n",
      "0.7473011612892151, 0.11903907358646393, 0.09406524151563644, 0.03959449380636215, 0, 0\n",
